CO_CODE	DIST_CODE	SCH_CODE	TOTAL
01	0010	050	14.3
01	0010	060	22.2
01	0110	010	14.6
01	0110	030	20.0
01	0110	050	20.4
01	0110	060	25.4
01	0110	070	17.4
01	0110	080	16.8
01	0110	100	17.4
01	0110	120	17.0
01	0110	130	
01	0110	140	16.5
01	0125	030	6.7
01	0125	060	6.1
01	0570	010	21.0
01	0570	030	12.6
01	0590	025	20.3
01	0590	030	17.8
01	0590	045	18.4
01	0590	050	18.0
01	0590	053	22.6
01	0590	055	20.3
01	1300	020	13.1
01	1300	030	16.0
01	1310	005	20.6
01	1310	033	18.4
01	1310	035	20.6
01	1310	038	18.1
01	1310	039	21.8
01	1310	045	23.5
01	1310	050	17.1
01	1410	050	21.6
01	1540	050	20.9
01	1690	015	20.4
01	1690	016	20.9
01	1690	040	9.8
01	1690	045	21.1
01	1690	046	17.3
01	1690	048	19.9
01	1790	040	19.5
01	1790	050	19.4
01	1790	060	19.2
01	1940	055	16.7
01	1940	060	22.9
01	1940	120	20.7
01	1960	030	19.7
01	1960	050	24.1
01	1960	055	22.8
01	1960	060	20.8
01	2680	020	21.8
01	2680	050	15.5
01	2910	050	21.1
01	3020	010	16.5
01	3020	025	17.8
01	3480	020	20.1
01	3480	025	19.7
01	3720	056	16.9
01	3720	057	20.0
01	4180	050	11.7
01	4180	055	11.8
01	4180	060	12.0
01	4180	080	16.5
01	4180	085	10.7
01	4180	095	12.2
01	4180	100	9.6
01	4240	050	12.8
01	4800	050	15.5
01	4800	055	18.2
01	4800	060	15.2
01	5350	040	22.5
01	5350	045	18.4
01	5760	020	14.1
03	0040	010	22.2
03	0040	020	21.9
03	0080	010	17.1
03	0285	002	3.5
03	0285	003	3.1
03	0285	030	3.5
03	0285	040	16.8
03	0285	050	3.8
03	0285	070	8.4
03	0285	100	3.1
03	0290	030	
03	0300	020	17.5
03	0300	040	19.7
03	0300	050	17.4
03	0300	060	19.1
03	0300	070	14.5
03	0300	075	15.9
03	0300	080	20.5
03	0440	020	23.0
03	0440	030	19.3
03	0440	050	19.7
03	0740	050	21.1
03	0745	050	14.1
03	0890	030	17.9
03	0890	050	21.8
03	0890	060	16.5
03	0890	070	22.1
03	0890	080	18.7
03	0890	120	22.9
03	0930	050	19.0
03	0930	060	21.2
03	0990	040	18.9
03	0990	045	22.6
03	0990	050	22.0
03	0990	060	22.6
03	1070	030	16.9
03	1070	040	19.9
03	1070	050	18.8
03	1130	040	15.7
03	1130	050	19.1
03	1130	060	21.2
03	1130	070	18.9
03	1130	080	18.6
03	1230	040	15.4
03	1230	080	25.6
03	1270	050	22.0
03	1345	050	16.9
03	1345	060	26.7
03	1345	070	22.9
03	1345	080	22.6
03	1345	090	21.9
03	1360	050	20.7
03	1360	060	20.2
03	1360	070	18.2
03	1370	040	18.8
03	1370	060	18.7
03	1370	070	14.0
03	1370	076	22.1
03	1370	086	16.0
03	1380	040	11.2
03	1380	060	14.9
03	1450	050	18.2
03	1450	060	21.3
03	1450	070	18.5
03	1450	080	16.9
03	1450	085	16.9
03	1450	100	19.3
03	1450	110	21.6
03	1450	140	21.0
03	1450	160	16.4
03	1470	060	25.0
03	1470	065	24.0
03	1470	080	27.0
03	1550	050	18.2
03	1550	060	23.3
03	1550	070	20.0
03	1550	080	22.2
03	1550	090	24.3
03	1550	100	26.3
03	1580	015	17.6
03	1580	020	14.8
03	1580	030	18.3
03	1580	040	16.4
03	1700	040	13.9
03	1700	050	20.9
03	1700	060	18.2
03	1700	070	16.8
03	1700	080	19.4
03	1700	100	20.9
03	1700	120	17.7
03	1700	130	20.3
03	1700	140	17.5
03	1700	205	16.9
03	1760	050	17.7
03	1760	060	17.1
03	1760	065	19.1
03	1760	070	19.8
03	1760	080	17.6
03	1760	090	18.3
03	1860	050	19.0
03	1860	090	15.1
03	1860	100	17.7
03	1860	110	13.2
03	1860	120	18.1
03	1860	130	16.1
03	1860	140	18.2
03	2050	050	16.1
03	2080	050	20.0
03	2080	055	25.8
03	2080	060	21.3
03	2080	080	20.0
03	2090	050	11.1
03	2180	010	22.6
03	2180	020	17.0
03	2180	030	19.0
03	2200	050	20.0
03	2620	050	18.2
03	2620	055	19.2
03	2620	060	18.3
03	2710	030	19.7
03	2710	050	0.5
03	2740	050	22.4
03	2740	060	18.7
03	2740	065	17.0
03	2740	067	18.2
03	2740	080	16.0
03	2740	090	18.7
03	2740	100	16.9
03	2860	050	22.9
03	2860	060	22.2
03	2860	070	26.7
03	2860	080	17.4
03	2860	090	23.1
03	2860	110	24.7
03	2860	120	18.9
03	2900	050	22.1
03	2900	060	19.7
03	2900	065	17.0
03	2900	075	15.5
03	2900	076	22.2
03	2900	080	23.4
03	3060	060	23.2
03	3060	070	20.0
03	3170	050	7.0
03	3170	070	12.6
03	3330	020	15.7
03	3330	030	22.9
03	3350	060	13.4
03	3550	050	22.4
03	3550	060	18.1
03	3550	070	21.8
03	3550	085	26.5
03	3600	050	16.0
03	3600	060	26.3
03	3600	070	23.3
03	3600	080	23.6
03	3600	090	14.3
03	3700	050	22.2
03	3710	050	19.7
03	3710	060	17.3
03	3730	050	18.9
03	3730	060	18.8
03	3740	020	20.6
03	3760	040	19.5
03	3760	050	24.5
03	3760	060	20.6
03	3760	080	23.2
03	3850	030	21.6
03	3850	060	20.8
03	3870	050	20.8
03	3910	050	15.2
03	3910	070	21.2
03	3910	080	20.2
03	3930	050	24.7
03	3930	060	20.1
03	3930	065	21.4
03	3930	080	20.1
03	3930	090	17.3
03	3930	100	17.3
03	3930	110	20.1
03	3930	130	19.7
03	3940	050	16.4
03	3940	060	15.4
03	3940	070	16.5
03	3960	040	20.5
03	3960	050	22.4
03	4300	030	21.4
03	4300	050	20.9
03	4310	050	21.9
03	4310	055	23.1
03	4310	060	22.8
03	4310	070	17.8
03	4310	080	21.2
03	4370	050	15.9
03	4370	065	20.0
03	4370	090	10.5
03	4370	100	13.4
03	4380	050	17.2
03	4380	060	17.1
03	4380	070	19.2
03	4380	080	21.5
03	4390	050	20.2
03	4390	060	22.3
03	4390	070	21.4
03	4390	085	20.0
03	4390	090	17.1
03	4390	100	18.0
03	4390	110	19.0
03	4390	120	17.9
03	4390	130	19.4
03	4405	050	24.3
03	4405	060	21.9
03	4410	030	18.9
03	4410	050	21.6
03	4430	050	21.5
03	4430	060	18.0
03	4430	070	18.9
03	4470	050	17.6
03	4600	050	17.0
03	4600	070	20.9
03	4600	080	20.2
03	4600	100	19.7
03	4600	110	19.7
03	4610	050	18.2
03	4610	080	15.7
03	4610	085	17.5
03	4610	090	21.8
03	4610	100	5.0
03	4620	050	14.3
03	4870	050	19.8
03	5150	050	18.8
03	5150	060	20.7
03	5150	070	25.5
03	5150	080	14.7
03	5150	110	19.9
03	5150	130	20.6
03	5150	150	20.2
03	5160	050	17.7
03	5160	070	20.3
03	5160	080	20.8
03	5160	090	20.2
03	5160	095	23.0
03	5160	100	20.4
03	5330	050	17.1
03	5330	060	21.6
03	5330	070	19.2
03	5410	030	20.4
03	5410	040	18.4
03	5410	050	19.0
03	5410	070	23.6
03	5430	050	23.9
03	5430	055	22.4
03	5430	060	22.6
03	5755	050	19.5
03	5755	060	21.2
03	5755	062	18.0
03	5755	065	18.6
03	5755	070	20.7
03	5755	080	20.0
03	5830	050	21.9
03	5830	060	26.1
03	5830	070	29.0
03	5880	030	18.1
03	5880	050	18.7
03	5920	010	20.2
03	5920	020	21.0
03	5920	025	23.1
03	5920	030	21.7
03	5920	050	15.3
05	0200	050	14.9
05	0380	025	16.7
05	0475	050	17.3
05	0475	055	17.2
05	0475	060	20.9
05	0475	090	15.6
05	0475	100	18.3
05	0600	020	18.3
05	0600	040	16.6
05	0600	050	15.8
05	0600	080	15.8
05	0600	085	20.9
05	0605	010	7.0
05	0605	030	7.0
05	0605	055	2.4
05	0620	010	18.2
05	0620	030	19.4
05	0620	037	20.6
05	0620	051	19.0
05	0830	025	20.3
05	0840	030	18.3
05	0840	053	22.0
05	0840	055	15.9
05	0840	060	24.3
05	1030	030	20.9
05	1030	060	21.7
05	1060	005	21.4
05	1060	007	17.0
05	1060	015	22.0
05	1060	050	25.3
05	1250	060	19.6
05	1280	050	16.6
05	1280	070	21.4
05	1420	030	18.5
05	1420	040	21.9
05	1420	050	17.8
05	1420	055	15.3
05	1420	057	18.1
05	1420	058	19.0
05	1420	060	20.6
05	1420	065	14.1
05	1420	070	15.4
05	1520	050	16.7
05	1520	055	20.5
05	1520	070	20.0
05	1910	050	21.9
05	2610	040	26.5
05	2610	050	26.2
05	2610	060	24.7
05	2610	070	23.9
05	2850	010	22.4
05	2850	020	25.7
05	2850	050	14.2
05	2850	060	26.1
05	2960	030	19.9
05	2960	040	21.7
05	3010	030	20.6
05	3010	080	20.9
05	3010	090	22.5
05	3010	100	24.7
05	3070	040	20.0
05	3070	050	14.3
05	3080	030	18.7
05	3080	040	22.2
05	3080	045	21.3
05	3080	050	18.7
05	3080	055	19.5
05	3080	060	21.3
05	3080	070	21.1
05	3360	040	17.8
05	3360	060	20.5
05	3360	100	16.3
05	3360	110	22.8
05	3360	115	22.7
05	3360	120	20.8
05	3430	040	17.1
05	3430	050	17.7
05	3430	060	19.1
05	3440	010	16.7
05	3440	045	16.9
05	3440	047	20.4
05	3440	050	18.5
05	3440	055	16.3
05	3440	060	20.4
05	3440	065	17.3
05	3440	075	16.1
05	3540	050	17.4
05	3650	020	14.2
05	3650	030	16.5
05	3650	036	16.2
05	3650	040	16.0
05	3690	050	20.8
05	3690	060	20.0
05	3920	050	11.8
05	3920	060	17.7
05	3920	070	
05	4050	050	17.9
05	4050	055	18.5
05	4050	060	22.1
05	4050	085	16.3
05	4050	090	17.5
05	4050	095	14.8
05	4050	110	18.8
05	4050	125	17.4
05	4050	130	19.1
05	4050	135	18.9
05	4050	140	18.3
05	4320	050	22.4
05	4450	050	18.0
05	4450	060	21.5
05	4450	070	18.1
05	4460	050	17.7
05	4740	050	19.0
05	4740	055	22.1
05	4930	050	19.1
05	4930	060	19.5
05	4930	070	22.9
05	5010	050	19.2
05	5130	040	23.1
05	5130	060	18.8
05	5490	050	6.0
05	5720	020	17.6
05	5720	050	19.8
05	5805	040	19.8
05	5805	053	12.7
05	5805	057	16.2
05	5805	064	15.3
05	5805	065	15.1
05	5805	080	12.8
05	5805	090	13.0
05	5805	120	15.3
05	5890	030	15.3
07	0150	010	14.7
07	0150	040	18.7
07	0150	050	19.6
07	0190	010	19.1
07	0190	030	19.7
07	0260	015	20.1
07	0260	020	20.3
07	0260	030	21.3
07	0330	020	21.8
07	0340	030	15.7
07	0340	050	9.8
07	0390	020	22.2
07	0390	030	20.5
07	0390	050	20.0
07	0580	010	18.3
07	0680	025	12.6
07	0680	029	17.1
07	0680	030	15.9
07	0680	040	16.4
07	0680	045	17.3
07	0680	070	16.7
07	0680	080	13.0
07	0680	100	17.0
07	0680	145	16.9
07	0680	165	15.2
07	0680	170	16.0
07	0680	175	16.3
07	0680	180	16.9
07	0680	190	17.0
07	0680	205	13.8
07	0680	210	17.8
07	0680	215	15.4
07	0680	230	17.0
07	0680	240	18.9
07	0680	245	14.9
07	0680	250	16.2
07	0680	260	15.0
07	0680	300	17.9
07	0680	305	13.4
07	0680	310	15.5
07	0680	320	15.1
07	0680	330	15.3
07	0680	340	12.0
07	0680	350	46.5
07	0680	360	17.6
07	0800	030	21.8
07	0800	040	23.8
07	0800	058	18.7
07	0800	062	
07	0800	067	25.2
07	0800	068	21.0
07	0800	069	20.1
07	0800	073	24.8
07	0800	074	28.1
07	0800	075	20.1
07	0800	083	22.1
07	0800	085	19.0
07	0800	100	17.8
07	0800	105	19.4
07	0800	110	18.7
07	0800	113	20.8
07	0800	115	18.5
07	0800	130	20.9
07	0880	010	16.5
07	0940	030	20.5
07	0940	040	17.4
07	0940	050	21.0
07	0940	060	18.6
07	0940	070	19.8
07	0940	080	20.4
07	0940	090	18.9
07	1255	050	23.1
07	1255	060	22.3
07	1720	020	14.8
07	1770	050	13.1
07	1770	100	18.4
07	1770	160	16.7
07	1780	020	20.1
07	1780	035	22.1
07	1780	040	24.4
07	1780	050	19.2
07	1780	055	26.0
07	1780	060	21.4
07	1780	070	21.7
07	1780	085	18.9
07	1780	090	18.8
07	1780	100	29.6
07	1780	180	18.6
07	1880	050	17.3
07	1880	060	21.8
07	1880	080	21.9
07	1880	090	19.0
07	1890	050	11.4
07	1890	060	23.0
07	1890	070	17.7
07	1890	080	20.8
07	1890	090	20.7
07	1890	100	22.3
07	1890	110	18.6
07	1900	050	19.1
07	1900	060	19.6
07	1900	070	23.0
07	1900	080	20.2
07	1900	090	19.7
07	2540	050	18.4
07	2560	060	17.9
07	2670	005	20.7
07	2670	040	16.3
07	2670	050	20.1
07	2670	090	16.6
07	2890	050	18.3
07	3110	060	16.1
07	3420	020	23.6
07	3420	030	19.8
07	3770	050	16.8
07	4060	050	17.1
07	4060	055	14.8
07	4060	090	21.2
07	4060	100	21.2
07	4060	104	18.9
07	4060	120	19.9
07	4060	130	19.6
07	4060	140	14.8
07	4060	160	22.3
07	4060	175	22.3
07	4060	180	19.3
07	4110	010	16.0
07	4110	060	16.5
07	4110	070	16.6
07	4110	100	15.8
07	4590	020	20.4
07	4590	030	21.4
07	4590	040	19.8
07	4790	020	19.3
07	5035	050	17.8
07	5080	045	20.1
07	5080	060	20.7
07	5400	020	21.1
07	5400	055	17.7
07	5400	090	17.4
07	5400	095	17.0
07	5400	100	23.3
07	5560	040	18.0
07	5560	060	21.6
07	5560	100	19.8
07	5820	005	2.8
07	5820	010	20.6
07	5820	020	16.1
07	5820	030	16.9
07	5820	040	24.8
07	5820	050	16.7
07	5820	060	13.9
07	5820	070	19.8
07	5820	080	18.6
07	5900	050	17.5
09	0170	010	9.4
09	0710	050	14.0
09	0715	020	7.7
09	0715	095	6.2
09	1080	040	17.5
09	1080	050	17.8
09	2820	050	17.3
09	2820	060	16.5
09	2840	050	13.2
09	2840	060	19.8
09	2840	070	20.0
09	2840	080	14.3
09	3130	050	16.7
09	3130	080	17.5
09	3130	085	21.7
09	3130	091	17.7
09	3680	060	16.3
09	3780	050	19.7
09	3780	060	16.6
09	3780	070	17.0
09	4700	050	1.3
09	5060	050	8.2
09	5340	030	19.2
09	5340	050	22.1
09	5340	055	18.0
09	5610	050	4.9
09	5790	050	17.9
09	5790	060	20.3
09	5790	070	17.8
09	5800	030	16.6
09	5840	050	17.3
11	0540	020	11.9
11	0540	030	18.8
11	0540	050	17.5
11	0540	055	17.1
11	0540	060	19.5
11	0540	100	15.9
11	0540	130	17.7
11	0540	150	27.3
11	0950	025	20.1
11	0950	050	16.3
11	0997	030	19.2
11	1020	040	19.0
11	1120	045	13.8
11	1460	070	17.9
11	1820	060	6.9
11	2270	060	19.3
11	2570	030	16.3
11	3050	065	19.0
11	3230	050	22.3
11	3230	060	16.8
11	3230	065	19.4
11	3230	068	14.9
11	3230	075	17.8
11	3230	077	20.2
11	3230	080	20.8
11	3230	085	19.9
11	3230	090	21.1
11	3230	100	19.1
11	5070	050	15.1
11	5300	050	16.2
11	5300	060	18.7
11	5300	070	18.6
11	5390	050	20.7
11	5390	055	14.5
11	5390	060	15.3
11	5390	065	17.0
11	5390	075	19.7
11	5390	090	11.1
11	5390	095	20.5
11	5390	115	19.1
11	5390	120	18.3
11	5390	135	21.5
11	5390	160	14.5
11	5390	176	13.5
11	5390	230	19.8
11	5390	260	21.2
11	5390	270	21.6
11	5390	280	14.5
13	0250	020	13.3
13	0250	025	28.1
13	0250	050	23.7
13	0250	055	21.6
13	0250	060	23.4
13	0250	070	20.4
13	0250	080	26.8
13	0250	090	24.9
13	0250	100	28.3
13	0410	020	18.3
13	0410	030	13.3
13	0410	050	17.7
13	0410	060	20.2
13	0410	080	18.5
13	0410	100	21.8
13	0410	110	20.9
13	0410	120	9.0
13	0410	130	21.2
13	0410	140	15.0
13	0410	150	16.4
13	0660	050	17.9
13	0660	060	18.9
13	0660	070	18.3
13	0660	080	19.4
13	0660	110	19.3
13	0660	120	20.2
13	0760	050	19.6
13	0760	058	17.9
13	0760	060	21.2
13	0760	090	21.8
13	1210	030	15.8
13	1210	035	23.2
13	1210	050	18.5
13	1210	060	18.1
13	1210	070	17.6
13	1210	080	18.3
13	1210	090	19.9
13	1210	093	21.0
13	1210	095	15.0
13	1210	100	18.0
13	1210	107	16.3
13	1210	110	18.0
13	1210	120	20.3
13	1210	130	20.0
13	1210	135	17.6
13	1210	140	20.2
13	1210	150	23.0
13	1210	170	22.9
13	1210	190	21.8
13	1210	210	12.0
13	1400	050	16.1
13	1465	005	17.2
13	1465	030	18.8
13	1750	050	20.1
13	1750	070	20.9
13	1750	075	23.7
13	1750	080	24.8
13	2330	050	18.1
13	2330	071	14.1
13	2330	080	16.0
13	2330	090	20.6
13	2330	100	20.2
13	2330	110	16.4
13	2330	120	18.9
13	2330	125	17.5
13	2330	131	31.2
13	2330	135	16.4
13	2330	136	19.8
13	2330	140	18.3
13	2730	050	22.9
13	2730	055	22.9
13	2730	060	21.6
13	2730	070	17.3
13	2730	080	21.3
13	2730	090	21.4
13	2730	100	22.2
13	2730	110	22.5
13	2730	118	22.1
13	3190	050	20.5
13	3190	060	18.4
13	3190	065	19.1
13	3190	070	20.3
13	3190	080	20.6
13	3190	100	16.1
13	3190	120	17.9
13	3310	050	17.6
13	3310	060	32.9
13	3310	100	22.4
13	3310	110	23.9
13	3310	116	18.3
13	3310	123	24.6
13	3310	127	18.9
13	3310	130	21.7
13	3310	140	21.6
13	3310	165	20.5
13	3310	170	23.5
13	3570	004	
13	3570	010	21.6
13	3570	020	16.0
13	3570	030	21.3
13	3570	040	20.5
13	3570	045	16.6
13	3570	050	18.3
13	3570	055	25.1
13	3570	056	19.4
13	3570	057	20.9
13	3570	070	14.5
13	3570	080	17.3
13	3570	087	20.2
13	3570	100	16.7
13	3570	170	17.8
13	3570	180	19.6
13	3570	200	23.3
13	3570	220	24.2
13	3570	225	15.9
13	3570	240	7.7
13	3570	250	13.7
13	3570	270	17.2
13	3570	280	16.1
13	3570	290	1.8
13	3570	300	13.2
13	3570	310	10.2
13	3570	315	13.7
13	3570	330	19.0
13	3570	335	11.3
13	3570	350	13.4
13	3570	353	8.4
13	3570	370	10.8
13	3570	380	11.8
13	3570	390	14.9
13	3570	400	13.2
13	3570	410	18.7
13	3570	415	17.3
13	3570	420	11.9
13	3570	430	16.1
13	3570	435	18.1
13	3570	440	16.2
13	3570	455	16.9
13	3570	460	19.3
13	3570	470	13.4
13	3570	477	6.7
13	3570	480	18.4
13	3570	490	14.0
13	3570	495	13.2
13	3570	500	14.9
13	3570	510	19.3
13	3570	517	16.8
13	3570	520	14.9
13	3570	530	14.0
13	3570	565	19.4
13	3570	570	19.5
13	3570	575	16.2
13	3570	580	12.8
13	3570	581	16.7
13	3570	590	21.6
13	3570	600	16.8
13	3570	605	17.5
13	3570	610	17.8
13	3570	615	17.8
13	3570	630	12.9
13	3570	640	16.3
13	3570	670	14.9
13	3570	690	16.1
13	3570	710	15.4
13	3570	715	11.5
13	3570	750	19.1
13	3630	050	18.7
13	3630	060	16.5
13	3750	050	17.3
13	3750	060	16.6
13	3750	070	15.5
13	3750	080	16.9
13	3750	090	18.4
13	3750	100	18.5
13	3750	110	19.7
13	3880	050	13.6
13	3880	060	15.5
13	3880	070	16.1
13	3880	080	19.3
13	3880	090	16.8
13	3880	100	16.5
13	3880	105	19.8
13	3880	110	14.7
13	3880	115	14.4
13	3880	120	16.5
13	4530	020	16.6
13	4900	030	19.4
13	4900	040	20.0
13	4900	050	19.1
13	4900	060	19.0
13	4900	090	18.7
13	4900	100	19.6
13	4900	130	18.4
13	4900	140	23.1
13	4900	150	22.0
13	5370	050	20.3
13	5370	070	19.3
13	5370	080	19.2
13	5370	090	18.8
13	5370	095	23.5
13	5370	100	17.8
13	5630	050	16.8
13	5630	070	21.0
13	5680	050	23.3
13	5680	070	16.6
13	5680	090	15.1
13	5680	120	19.4
13	5680	130	21.0
13	5680	135	20.6
13	5680	140	18.3
13	5680	150	21.9
13	5680	160	18.9
13	5680	170	20.8
13	5680	180	17.2
15	0860	030	17.8
15	0860	040	19.3
15	0860	045	16.0
15	0870	020	19.1
15	0870	030	20.1
15	1100	030	15.7
15	1100	040	14.5
15	1100	045	20.6
15	1100	090	20.4
15	1100	105	21.9
15	1100	110	5.5
15	1100	120	20.1
15	1100	130	14.2
15	1100	140	19.6
15	1180	020	19.2
15	1180	045	18.2
15	1330	010	16.2
15	1590	070	21.0
15	1590	080	17.9
15	1590	095	22.2
15	1715	050	14.4
15	1730	050	20.5
15	1730	065	19.7
15	1730	078	24.4
15	1730	080	15.8
15	1730	090	19.7
15	1774	015	6.4
15	1830	050	12.7
15	1830	060	18.5
15	2070	050	17.1
15	2070	080	20.6
15	2440	050	21.9
15	2440	060	19.4
15	2750	025	14.7
15	2750	040	18.0
15	2990	030	16.3
15	2990	040	24.9
15	2990	050	19.0
15	3280	050	21.0
15	3280	075	19.4
15	3280	090	21.0
15	3280	095	23.3
15	3280	100	20.4
15	3280	110	16.1
15	3490	050	18.0
15	4020	050	18.7
15	4020	060	24.9
15	4020	070	24.6
15	4140	050	12.9
15	4140	060	20.3
15	4140	065	17.3
15	4140	075	16.8
15	4140	080	16.9
15	4880	050	20.4
15	4940	050	21.3
15	4940	060	19.6
15	5120	050	19.7
15	5120	060	24.4
15	5120	070	21.1
15	5120	080	22.5
15	5500	010	18.4
15	5500	020	16.0
15	5500	025	23.3
15	5500	026	17.1
15	5500	027	23.1
15	5500	028	19.9
15	5500	030	20.5
15	5500	040	23.2
15	5500	050	15.8
15	5500	060	23.3
15	5500	070	24.6
15	5590	050	18.2
15	5620	050	24.0
15	5620	070	22.2
15	5620	100	20.2
15	5620	111	20.0
15	5620	130	21.9
15	5740	040	17.7
15	5860	050	16.1
15	5860	090	14.4
15	5860	100	16.7
15	5860	110	16.9
15	5870	050	16.8
17	0220	020	21.4
17	0220	030	22.7
17	0220	040	20.7
17	0220	050	24.1
17	0220	060	21.5
17	0220	070	18.4
17	0220	080	25.2
17	0220	085	23.8
17	0220	090	19.8
17	0220	120	20.6
17	0220	130	17.1
17	0220	140	22.2
17	1200	050	22.3
17	1850	050	20.9
17	2060	050	16.0
17	2060	060	21.9
17	2060	061	21.2
17	2060	070	19.0
17	2210	005	16.0
17	2210	050	13.8
17	2210	063	17.1
17	2210	065	15.0
17	2210	070	15.8
17	2390	002	23.0
17	2390	011	11.0
17	2390	050	22.1
17	2390	060	20.0
17	2390	070	22.6
17	2390	075	12.9
17	2390	080	21.2
17	2390	082	15.9
17	2390	095	20.7
17	2390	100	18.9
17	2390	105	20.6
17	2390	110	17.8
17	2390	120	17.6
17	2390	140	20.4
17	2390	150	20.9
17	2390	155	20.6
17	2390	160	19.9
17	2390	170	18.1
17	2390	190	39.9
17	2390	200	19.8
17	2390	210	20.2
17	2390	220	20.6
17	2390	230	20.8
17	2390	240	21.2
17	2390	250	21.5
17	2390	260	17.1
17	2390	265	
17	2390	270	24.0
17	2390	280	18.1
17	2390	300	21.0
17	2390	320	19.7
17	2390	330	17.9
17	2390	340	19.5
17	2390	345	17.1
17	2390	347	14.8
17	2390	350	24.0
17	2390	360	21.4
17	2390	370	19.0
17	2410	050	19.7
17	2410	070	18.6
17	2410	080	17.8
17	2410	090	17.2
17	2410	100	15.8
17	2410	110	18.0
17	2410	120	17.9
17	3610	050	24.4
17	3610	060	26.4
17	3610	070	26.1
17	3610	080	21.2
17	3610	090	23.6
17	3610	100	19.1
17	3610	110	24.2
17	4730	050	21.9
17	4730	065	20.7
17	4730	070	22.3
17	4730	080	19.6
17	5240	054	20.0
17	5240	055	27.9
17	5240	070	18.1
17	5240	080	18.3
17	5240	090	20.6
17	5240	100	15.2
17	5240	105	20.1
17	5240	110	20.0
17	5240	118	18.7
17	5240	120	19.4
17	5240	130	20.3
17	5240	140	18.2
17	5240	145	18.1
17	5240	150	17.5
17	5580	050	13.7
17	5580	070	18.5
17	5580	080	19.2
17	5670	050	18.9
17	5670	055	15.3
17	5670	060	18.6
17	5670	065	18.2
17	5670	070	17.8
17	5670	080	21.9
17	5670	090	21.5
17	5670	100	19.1
17	5670	110	18.7
19	0020	005	17.5
19	0020	010	14.7
19	0370	020	18.6
19	0370	070	23.8
19	0430	020	13.7
19	0670	030	13.8
19	0910	030	20.2
19	0920	030	14.8
19	0920	035	20.1
19	0920	040	24.2
19	0920	050	23.0
19	1040	040	16.4
19	1050	040	20.3
19	1160	050	17.9
19	1510	030	17.8
19	1510	033	18.4
19	1510	035	16.4
19	1510	040	20.5
19	1510	045	23.1
19	1510	050	18.7
19	1600	050	17.9
19	1680	050	15.5
19	1970	050	13.0
19	2140	055	18.4
19	2140	060	16.1
19	2220	060	17.2
19	2300	050	21.0
19	2530	050	18.2
19	2590	050	10.4
19	2600	050	18.5
19	2600	060	19.5
19	3180	050	9.9
19	3660	050	21.8
19	3660	060	20.2
19	4350	030	24.9
19	4350	050	25.4
19	4350	060	18.2
19	4350	070	17.5
19	4890	050	17.0
19	5050	050	5.1
19	5180	030	16.9
19	5180	055	18.7
19	5270	050	18.6
19	5270	060	16.9
19	5600	050	16.3
21	1245	050	19.5
21	1245	055	21.8
21	1245	060	21.6
21	1245	070	19.8
21	1245	075	23.2
21	1245	080	21.4
21	1430	050	16.4
21	1430	060	15.5
21	1430	105	19.4
21	1430	130	18.7
21	1430	140	18.4
21	1950	050	22.6
21	1950	055	18.8
21	1950	060	18.9
21	1950	070	18.0
21	1950	080	15.7
21	1950	083	16.4
21	1950	085	20.5
21	1950	105	17.8
21	1950	110	16.4
21	1950	150	17.8
21	1950	160	17.3
21	1950	170	18.6
21	1950	180	19.1
21	1950	185	20.7
21	1950	200	20.5
21	1950	210	21.2
21	1950	220	20.1
21	1950	225	20.3
21	1950	240	21.5
21	1950	245	18.6
21	1950	250	18.7
21	1950	260	18.6
21	1950	270	17.9
21	2280	030	20.5
21	2280	035	18.0
21	2280	040	18.1
21	2280	055	21.4
21	2280	065	20.4
21	2280	075	13.9
21	2580	040	16.0
21	2580	050	17.2
21	2580	070	20.4
21	2580	080	18.1
21	2580	085	20.3
21	2580	090	16.9
21	2580	100	19.8
21	3103	005	6.1
21	3103	050	7.3
21	3103	055	7.8
21	3103	070	8.8
21	4255	050	19.5
21	4255	070	16.9
21	4255	080	17.6
21	4255	085	17.2
21	4255	090	15.3
21	4255	110	18.9
21	5210	030	4.6
21	5210	050	14.1
21	5210	051	12.3
21	5210	080	20.5
21	5210	100	16.5
21	5210	160	14.2
21	5210	170	19.3
21	5210	190	22.9
21	5210	200	25.3
21	5210	210	16.5
21	5210	235	18.8
21	5210	250	18.3
21	5210	260	20.8
21	5210	265	16.9
21	5210	270	21.3
21	5210	280	24.8
21	5210	290	16.5
21	5210	300	21.6
21	5210	310	20.5
21	5510	030	22.2
21	5510	040	22.3
21	5510	050	20.0
21	5715	020	24.6
21	5715	025	21.2
21	5715	030	19.2
21	5715	035	22.4
21	5715	040	19.7
21	5715	050	20.2
21	5715	130	19.5
21	5715	140	17.4
21	5715	150	21.7
21	5715	160	21.7
23	0750	030	18.2
23	0750	050	17.9
23	0750	055	20.8
23	0750	057	21.0
23	0750	060	21.3
23	0970	030	20.2
23	1140	040	18.8
23	1140	050	19.2
23	1140	060	17.3
23	1170	050	25.2
23	1170	055	20.8
23	1170	056	19.3
23	1170	060	19.7
23	1170	070	22.7
23	1170	090	19.6
23	1170	100	19.4
23	1170	120	21.8
23	1170	125	19.7
23	1170	130	18.8
23	1170	138	18.4
23	1290	050	25.1
23	1290	053	16.8
23	1290	055	25.5
23	1290	057	15.5
23	1290	060	17.2
23	1290	063	17.0
23	1290	065	18.5
23	1290	090	22.6
23	1290	092	14.1
23	1290	093	18.3
23	1290	095	18.5
23	1290	100	19.1
23	1290	103	20.6
23	1290	104	19.8
23	1290	105	20.6
23	1290	150	18.3
23	1290	160	22.7
23	2150	050	21.7
23	2150	060	15.0
23	2150	070	17.1
23	2150	085	18.1
23	2370	075	22.0
23	2370	080	19.2
23	3120	050	17.2
23	3120	060	23.1
23	3120	070	21.7
23	3120	090	15.1
23	3140	050	22.7
23	3140	065	15.2
23	3140	070	19.4
23	3140	085	19.9
23	3140	090	24.0
23	3220	050	21.4
23	3220	060	19.9
23	3290	005	26.3
23	3290	010	19.8
23	3290	020	23.9
23	3290	030	21.3
23	3290	040	19.9
23	3290	050	22.7
23	3290	060	20.7
23	3530	050	15.6
23	3530	055	16.2
23	3530	060	19.7
23	3530	080	19.6
23	3530	090	20.9
23	3530	100	20.2
23	3530	110	17.1
23	3530	123	15.4
23	3530	125	20.6
23	3530	140	18.5
23	3620	040	21.0
23	3620	055	17.4
23	3620	060	20.4
23	3620	065	19.3
23	3620	070	23.8
23	3620	090	19.1
23	3845	040	21.6
23	3845	082	18.1
23	3845	103	24.4
23	3845	105	21.0
23	3845	108	21.3
23	3845	110	21.9
23	3845	113	22.7
23	3845	120	16.6
23	3845	130	18.0
23	3845	133	20.4
23	3845	140	21.7
23	3845	150	17.6
23	3845	163	18.0
23	3845	165	17.8
23	3845	170	22.5
23	4090	050	20.9
23	4090	065	21.8
23	4090	070	23.8
23	4090	075	15.6
23	4090	080	14.9
23	4090	130	17.2
23	4090	140	21.4
23	4090	145	18.0
23	4090	150	22.7
23	4090	200	19.5
23	4130	050	21.8
23	4130	053	18.4
23	4130	055	21.8
23	4130	057	18.8
23	4130	060	23.3
23	4130	065	21.3
23	4130	080	25.2
23	4130	100	22.3
23	4130	105	22.9
23	4130	120	24.0
23	4660	050	18.9
23	4660	055	24.1
23	4660	060	17.6
23	4660	070	21.8
23	4660	075	21.2
23	4660	085	19.5
23	4660	120	19.9
23	4830	030	21.1
23	4830	060	22.4
23	4860	050	23.2
23	4860	055	18.2
23	4860	060	20.0
23	4860	070	18.8
23	4860	075	23.4
23	4860	085	22.0
23	4860	095	20.1
23	4860	100	20.5
23	4860	110	20.5
23	4860	150	25.1
23	4910	050	20.9
23	4910	053	16.3
23	4910	055	16.2
23	4910	058	20.9
23	4910	060	18.6
23	4910	070	17.6
23	4910	080	18.2
23	4910	085	10.6
23	4920	050	21.1
23	4920	055	23.7
23	4920	065	22.4
23	4920	070	27.5
23	4970	040	16.7
23	4970	050	21.4
23	4970	060	19.8
23	4970	090	22.5
23	5850	020	17.6
23	5850	040	17.8
23	5850	045	15.1
23	5850	050	15.9
23	5850	060	19.4
23	5850	070	14.9
23	5850	080	13.3
23	5850	090	15.9
23	5850	100	23.6
23	5850	110	20.9
23	5850	120	20.3
23	5850	140	20.1
23	5850	150	13.4
23	5850	160	19.9
23	5850	180	20.0
23	5850	200	21.9
23	5850	210	15.0
23	5850	220	19.8
23	5850	230	22.1
23	5850	240	20.0
23	5850	260	17.0
23	5850	275	17.6
23	5850	280	23.4
23	5850	320	22.5
25	0100	010	12.6
25	0100	020	15.8
25	0100	040	13.7
25	0100	070	12.8
25	0100	100	13.7
25	0130	020	16.4
25	0180	010	16.4
25	0270	020	16.7
25	0500	020	16.1
25	0560	020	24.0
25	0945	030	19.3
25	0945	050	20.9
25	0945	060	17.0
25	1000	040	11.0
25	1260	060	19.5
25	1260	070	18.8
25	1260	080	19.3
25	1260	110	18.2
25	1440	050	21.5
25	1440	060	19.9
25	1490	050	15.6
25	1640	040	18.7
25	1640	060	16.3
25	1640	070	21.4
25	1650	010	18.4
25	1650	050	24.5
25	1650	055	23.7
25	1650	060	24.5
25	1650	070	25.1
25	1650	080	24.5
25	1660	020	19.8
25	1660	021	16.5
25	1660	023	21.4
25	1660	024	25.6
25	1660	025	22.6
25	1660	026	22.0
25	1660	030	19.9
25	1660	070	11.6
25	2105	050	21.6
25	2105	060	21.9
25	2105	070	20.8
25	2105	085	16.9
25	2105	090	20.4
25	2105	095	18.1
25	2105	100	
25	2105	105	21.5
25	2120	050	13.6
25	2160	050	20.6
25	2230	020	20.6
25	2230	030	22.3
25	2230	050	27.4
25	2230	080	20.0
25	2290	003	18.5
25	2290	005	24.5
25	2290	010	20.6
25	2290	012	23.2
25	2290	020	21.4
25	2290	025	21.2
25	2290	027	23.7
25	2290	030	17.8
25	2290	032	12.5
25	2290	035	18.4
25	2290	045	25.1
25	2290	060	18.8
25	2400	010	10.5
25	2400	030	11.6
25	2400	040	12.2
25	2400	050	14.4
25	2430	050	16.5
25	2430	060	17.9
25	2720	050	18.8
25	2720	060	17.2
25	2770	050	13.1
25	2770	060	14.8
25	2770	065	16.8
25	2770	080	17.4
25	2770	085	26.5
25	2770	090	17.6
25	2770	110	17.1
25	2770	120	4.6
25	2770	150	18.1
25	2920	050	21.3
25	2920	055	21.0
25	2920	060	21.7
25	2920	063	21.6
25	2920	075	23.7
25	2920	090	21.8
25	2920	110	22.3
25	2920	120	14.7
25	2930	050	22.4
25	2930	060	18.9
25	3030	030	23.3
25	3030	040	24.1
25	3030	043	14.5
25	3030	045	22.3
25	3030	048	23.7
25	3030	050	22.9
25	3030	060	22.3
25	3030	070	23.0
25	3040	040	23.8
25	3040	050	15.1
25	3040	053	14.8
25	3040	060	15.9
25	3040	065	20.4
25	3040	075	19.6
25	3040	080	19.4
25	3160	050	21.3
25	3160	053	31.8
25	3160	055	20.7
25	3160	057	24.6
25	3160	059	23.8
25	3160	060	19.5
25	3160	080	19.7
25	3160	090	20.6
25	3160	095	17.9
25	3160	110	20.3
25	3160	120	21.8
25	3160	130	21.2
25	3160	140	18.5
25	3160	143	16.0
25	3160	145	21.2
25	3160	150	20.2
25	3160	160	19.6
25	3200	040	19.4
25	3200	060	25.5
25	3200	080	18.9
25	3250	050	19.0
25	3260	005	
25	3270	050	16.7
25	3500	060	20.6
25	3510	050	17.8
25	3510	055	16.6
25	3510	059	12.4
25	3510	061	18.7
25	3510	063	18.6
25	3510	080	15.6
25	3510	090	18.7
25	3510	100	13.5
25	3810	030	20.0
25	3810	040	19.4
25	3810	060	17.2
25	3810	070	16.4
25	3810	080	15.2
25	3830	030	17.2
25	3830	050	18.0
25	4360	060	18.6
25	4360	075	17.2
25	4365	050	15.4
25	4520	050	9.1
25	4570	040	18.1
25	4570	050	20.4
25	4580	050	18.7
25	4690	050	14.3
25	4760	050	20.2
25	4770	050	17.5
25	4980	050	17.9
25	4990	050	19.3
25	5185	030	17.2
25	5185	050	21.3
25	5185	070	14.6
25	5230	050	19.9
25	5310	050	21.2
25	5310	060	19.8
25	5310	070	20.4
25	5420	050	19.9
25	5420	060	18.6
25	5420	070	18.5
25	5420	075	23.3
25	5420	077	20.2
25	5420	078	8.0
25	5420	080	17.9
25	5640	050	17.2
25	5640	080	16.5
27	0450	020	18.4
27	0450	025	9.8
27	0450	030	12.5
27	0450	040	15.8
27	0460	060	19.2
27	0630	020	15.4
27	0630	025	16.9
27	0630	030	20.3
27	0785	010	19.1
27	0785	030	21.8
27	0785	050	23.5
27	0785	060	17.9
27	0785	070	22.7
27	0785	080	21.6
27	0820	020	21.7
27	0820	030	20.9
27	0820	040	16.9
27	1090	050	18.2
27	1090	070	19.9
27	1090	080	23.1
27	1110	040	18.6
27	1110	050	20.4
27	1110	060	20.0
27	1110	065	20.7
27	1110	070	17.3
27	1190	030	22.3
27	1190	035	19.6
27	1190	050	22.9
27	1530	015	18.2
27	1530	020	18.1
27	1530	030	16.9
27	1990	050	19.6
27	1990	070	19.0
27	2000	025	15.6
27	2000	040	18.6
27	2000	050	18.4
27	2000	060	18.7
27	2010	050	15.3
27	2380	020	23.7
27	2380	028	26.5
27	2380	033	13.5
27	2380	040	26.6
27	2380	045	8.6
27	2380	050	12.8
27	2380	070	22.6
27	2460	050	17.2
27	2460	060	20.1
27	2460	065	20.7
27	2460	070	22.0
27	2650	035	21.7
27	2650	040	14.0
27	2870	050	20.3
27	2870	060	17.8
27	2870	080	20.9
27	2870	100	16.2
27	2870	110	19.6
27	3090	050	19.0
27	3090	060	20.2
27	3100	050	17.1
27	3100	060	22.3
27	3240	030	20.4
27	3340	010	23.3
27	3340	025	21.9
27	3340	030	21.5
27	3340	050	21.8
27	3340	055	16.3
27	3340	065	19.6
27	3340	070	19.6
27	3370	050	19.2
27	3370	060	21.5
27	3380	020	1.6
27	3380	030	11.7
27	3385	050	20.6
27	3385	060	15.8
27	3385	065	16.1
27	3385	075	16.0
27	3385	085	5.1
27	3385	090	13.2
27	3385	100	18.6
27	3385	105	19.2
27	3385	110	20.6
27	3385	115	17.7
27	3410	045	15.8
27	3410	050	19.2
27	3450	010	17.0
27	3450	040	20.1
27	3450	050	18.6
27	3450	060	18.2
27	3450	065	16.0
27	3450	070	18.1
27	3460	050	16.9
27	3460	060	20.9
27	3460	070	5.7
27	3460	080	18.6
27	3520	060	13.0
27	3950	050	18.9
27	3950	053	17.7
27	3950	055	17.3
27	3950	060	16.9
27	3950	062	17.3
27	3950	064	19.8
27	3950	065	21.9
27	3950	070	12.5
27	3950	080	20.0
27	3950	090	19.6
27	3950	100	20.2
27	3950	103	20.4
27	3950	107	15.4
27	3950	120	17.1
27	4000	030	18.2
27	4000	050	15.5
27	4000	060	22.0
27	4080	050	18.6
27	4080	055	19.3
27	4080	060	18.8
27	4080	080	21.6
27	4080	100	18.8
27	4330	050	18.0
27	4330	057	18.0
27	4330	065	16.9
27	4330	070	19.9
27	4330	075	20.5
27	4330	080	21.4
27	4440	050	15.8
27	4480	050	24.5
27	4480	060	29.7
27	4490	010	19.2
27	4490	015	21.9
27	4490	019	19.8
27	4490	025	21.4
27	4490	030	16.8
27	4490	080	19.3
27	4560	050	15.6
27	4560	055	27.8
27	4560	060	18.4
27	4560	065	18.4
27	4560	067	19.8
27	4560	080	23.2
27	4560	085	15.6
27	5520	030	21.3
27	5520	035	21.7
27	5520	040	19.3
27	5520	050	19.8
27	5660	030	21.8
27	5660	050	19.8
27	5770	030	19.5
27	5770	040	13.6
29	0185	010	20.8
29	0185	015	13.7
29	0185	030	16.4
29	0185	050	14.8
29	0185	070	19.2
29	0185	080	14.1
29	0210	020	12.9
29	0230	020	8.3
29	0320	020	16.3
29	0320	025	21.8
29	0320	030	18.1
29	0320	040	20.2
29	0530	020	17.4
29	0530	025	18.2
29	0530	027	15.7
29	0530	030	19.5
29	0530	035	21.8
29	0530	040	18.9
29	0530	043	27.3
29	0530	045	20.0
29	0530	060	21.0
29	0530	070	19.5
29	0530	080	20.0
29	0530	090	25.4
29	0770	030	16.8
29	0770	050	16.9
29	1150	020	15.1
29	2350	050	16.4
29	2360	020	23.2
29	2360	025	23.1
29	2360	030	19.3
29	2360	035	20.3
29	2360	040	18.7
29	2360	044	19.4
29	2360	046	21.9
29	2360	048	21.2
29	2360	050	21.5
29	2360	055	28.0
29	2480	020	16.7
29	2480	040	19.0
29	2480	050	18.6
29	2480	053	24.5
29	2480	055	19.6
29	2480	060	17.9
29	2500	050	18.2
29	2520	050	19.5
29	2520	070	15.3
29	2520	080	20.5
29	2520	083	13.7
29	2520	084	13.7
29	2520	090	17.2
29	2550	050	18.7
29	2690	030	19.0
29	2690	050	18.2
29	2760	020	17.0
29	2760	050	13.1
29	2940	008	7.3
29	2940	040	18.5
29	2940	043	20.8
29	2940	045	19.8
29	2940	050	18.7
29	2940	060	15.8
29	3800	050	17.4
29	3820	030	16.1
29	3820	050	17.4
29	4105	050	14.6
29	4105	060	14.5
29	4190	010	19.8
29	4190	040	14.7
29	4190	050	21.0
29	4190	080	19.2
29	4210	030	19.1
29	4210	050	22.5
29	4210	055	20.7
29	4210	060	18.7
29	4220	050	21.5
29	4220	060	18.0
29	4710	050	12.4
29	4950	050	20.0
29	4950	060	16.8
29	5020	050	10.6
29	5020	060	19.6
29	5020	065	21.5
29	5020	070	21.9
29	5020	075	19.7
29	5190	030	23.8
29	5190	040	20.2
29	5190	050	20.6
29	5190	060	19.3
29	5190	061	16.9
29	5190	063	21.4
29	5190	064	20.2
29	5190	065	22.3
29	5190	067	20.3
29	5190	070	19.7
29	5190	075	17.6
29	5190	080	20.2
29	5190	090	20.2
29	5190	095	18.2
29	5190	100	16.7
29	5190	107	19.6
29	5190	110	19.2
29	5190	120	17.0
31	0420	020	14.7
31	0420	030	21.8
31	0420	050	22.0
31	0900	030	18.1
31	0900	035	19.8
31	0900	070	22.9
31	0900	080	24.5
31	0900	090	19.5
31	0900	100	22.9
31	0900	110	21.5
31	0900	120	19.5
31	0900	140	18.4
31	0900	150	18.4
31	0900	160	24.7
31	0900	170	21.4
31	0900	180	24.0
31	0900	190	16.8
31	0900	200	23.1
31	0900	210	12.5
31	0900	230	18.3
31	1920	015	21.3
31	2100	050	16.6
31	2100	070	25.8
31	2100	080	21.1
31	2100	090	23.3
31	2100	100	18.3
31	2510	050	18.2
31	2700	050	20.3
31	2700	060	17.6
31	2700	070	18.5
31	3640	050	21.6
31	3640	060	19.4
31	3970	050	13.2
31	3970	080	19.9
31	3970	085	21.4
31	3970	090	20.4
31	3970	095	16.8
31	3970	097	27.7
31	3970	100	21.0
31	3970	110	15.2
31	3970	120	25.1
31	3970	125	21.6
31	3970	130	22.6
31	3970	140	23.9
31	3970	170	22.9
31	3970	180	14.3
31	3970	185	14.2
31	3970	200	18.5
31	3980	010	20.2
31	3990	050	18.8
31	4010	001	96.3
31	4010	002	75.4
31	4010	003	145.8
31	4010	020	46.8
31	4010	025	40.0
31	4010	030	76.2
31	4010	035	17.0
31	4010	043	21.1
31	4010	045	16.6
31	4010	047	18.7
31	4010	050	17.7
31	4010	060	16.7
31	4010	061	20.5
31	4010	070	20.4
31	4010	080	15.7
31	4010	090	25.1
31	4010	100	18.4
31	4010	110	15.2
31	4010	120	24.1
31	4010	130	26.0
31	4010	140	15.5
31	4010	150	16.2
31	4010	160	20.7
31	4010	170	20.3
31	4010	180	10.0
31	4010	190	20.4
31	4010	220	24.9
31	4010	230	26.7
31	4010	240	17.8
31	4010	250	16.9
31	4010	270	27.7
31	4010	280	23.8
31	4010	290	22.1
31	4010	300	22.5
31	4010	310	15.4
31	4010	311	22.1
31	4010	312	17.9
31	4010	315	20.8
31	4010	316	20.0
31	4010	325	15.5
31	4230	050	18.2
31	4230	055	26.7
31	4230	060	15.5
31	4230	070	16.0
31	4270	010	22.0
31	4400	050	22.2
31	4400	053	19.7
31	4400	055	13.8
31	4400	060	18.6
31	5200	050	20.4
31	5200	060	19.8
31	5440	050	16.0
31	5440	070	14.8
31	5570	050	18.9
31	5570	055	20.2
31	5570	065	23.9
31	5570	078	20.3
31	5570	083	22.8
31	5570	085	23.1
31	5570	087	19.1
31	5570	090	20.1
31	5570	110	23.6
31	5570	120	20.2
31	5570	135	17.7
31	5570	140	14.7
31	5570	145	24.5
31	5570	150	19.7
31	5650	040	22.3
31	5650	042	19.3
31	5650	055	17.9
31	5650	060	17.7
31	5650	070	23.3
31	5650	080	20.0
31	5650	090	15.7
31	5650	100	21.3
31	5690	060	17.4
31	5690	065	19.6
31	5690	070	25.2
33	0060	020	18.9
33	1350	050	10.4
33	2800	050	14.4
33	2950	050	18.4
33	3860	010	19.1
33	4070	050	18.8
33	4070	080	22.3
33	4070	090	20.0
33	4070	100	10.4
33	4070	105	23.0
33	4075	050	13.5
33	4075	055	15.7
33	4075	060	19.8
33	4075	078	19.8
33	4075	090	17.4
33	4150	040	19.3
33	4150	050	14.3
33	4150	060	14.2
33	4150	070	17.4
33	4280	050	16.4
33	4630	050	17.6
33	4630	070	13.5
33	4630	090	14.0
33	4635	050	3.7
33	4640	009	
33	5320	070	17.5
33	5910	050	21.6
33	5910	060	19.5
33	5910	070	23.9
35	0240	020	17.4
35	0350	050	18.3
35	0350	055	25.1
35	0350	060	24.0
35	0350	070	18.4
35	0350	080	20.8
35	0350	100	21.9
35	0490	020	15.6
35	0490	050	20.5
35	0510	020	21.4
35	0510	050	19.3
35	0510	060	20.4
35	0510	090	23.8
35	0555	005	22.0
35	0555	010	23.8
35	0555	030	17.8
35	0555	040	17.2
35	0555	045	19.1
35	0555	048	24.7
35	0555	063	17.7
35	0555	065	23.0
35	0555	067	18.5
35	0555	085	19.2
35	0555	105	17.9
35	1610	050	21.3
35	1610	055	22.7
35	1610	070	21.3
35	1610	080	21.5
35	1610	100	20.0
35	1610	115	20.6
35	1610	140	22.9
35	1610	150	22.0
35	1610	160	15.0
35	1810	030	20.8
35	1810	050	20.4
35	2170	030	22.4
35	2170	033	19.3
35	2170	034	24.1
35	2170	035	26.0
35	2170	040	20.8
35	2170	060	21.4
35	2170	070	18.3
35	2170	080	20.1
35	2170	085	17.2
35	3000	050	9.6
35	3000	065	14.4
35	3000	080	19.2
35	3000	090	21.2
35	3320	030	20.6
35	3320	045	19.3
35	3320	070	19.9
35	3320	080	19.4
35	3320	105	23.2
35	3670	050	16.4
35	3670	060	19.0
35	3670	080	21.0
35	3670	090	21.3
35	3670	110	22.0
35	4815	020	19.3
35	4815	030	19.4
35	4815	040	24.0
35	4820	050	18.6
35	4820	055	15.9
35	4820	090	20.6
35	4850	060	19.6
35	5470	030	16.7
35	5470	033	17.1
35	5470	035	16.9
35	5470	040	19.3
35	5470	050	18.3
35	5540	040	18.8
35	5540	050	10.9
35	5550	050	21.7
37	0090	010	17.4
37	0090	040	16.4
37	0640	010	19.1
37	0640	030	16.4
37	1560	050	17.7
37	1570	060	17.8
37	1630	050	18.6
37	1800	060	18.9
37	1930	060	13.8
37	1980	050	19.4
37	2030	030	18.7
37	2030	050	17.6
37	2165	030	17.1
37	2240	030	17.9
37	2240	035	22.3
37	2240	040	16.2
37	2240	050	16.7
37	2240	070	18.8
37	2465	050	18.9
37	2490	050	16.1
37	2615	050	17.2
37	3300	050	18.5
37	3590	050	17.8
37	3590	060	15.3
37	3590	070	19.6
37	3840	050	15.7
37	4650	050	19.6
37	4960	050	22.9
37	4960	057	21.0
37	4960	060	25.4
37	4960	070	24.2
37	5030	050	20.1
37	5040	050	15.5
37	5100	020	19.3
37	5100	060	16.5
37	5100	070	21.7
37	5360	020	14.2
37	5360	023	23.5
37	5360	025	16.9
37	5360	030	11.7
37	5360	040	25.3
37	5360	050	14.2
37	5435	060	20.3
39	0310	005	20.7
39	0310	020	20.9
39	0310	030	18.4
39	0310	035	17.8
39	0310	040	21.8
39	0310	050	21.0
39	0850	005	16.4
39	0850	030	21.7
39	0850	035	16.3
39	0850	040	22.5
39	0980	030	19.4
39	0980	033	13.0
39	0980	037	21.5
39	0980	040	18.5
39	0980	050	20.7
39	0980	080	22.7
39	0980	110	13.4
39	1320	025	22.9
39	1320	030	19.4
39	1320	035	19.2
39	1320	090	19.7
39	1320	100	16.5
39	1320	110	19.5
39	1320	120	17.4
39	1320	150	22.0
39	1320	160	17.1
39	1320	170	20.6
39	1320	180	20.8
39	1320	190	18.8
39	1320	210	24.0
39	1320	220	22.3
39	1320	230	19.5
39	1320	240	15.4
39	1320	250	16.9
39	1320	260	18.6
39	1320	280	22.2
39	1320	290	24.8
39	1320	295	19.9
39	1320	300	15.5
39	1320	305	19.1
39	1320	310	22.5
39	1320	315	21.4
39	1320	350	15.1
39	1320	355	15.0
39	1320	360	15.0
39	1320	401	17.3
39	1320	402	17.9
39	1320	403	19.8
39	1320	404	17.1
39	1320	405	22.8
39	1710	050	18.8
39	2190	050	14.6
39	2190	060	22.7
39	2190	080	23.6
39	2190	085	25.1
39	2190	090	18.1
39	2190	110	20.9
39	2420	010	18.0
39	2420	050	19.5
39	2660	050	18.1
39	2660	060	21.8
39	2660	070	22.2
39	2660	080	16.2
39	2660	090	16.8
39	2660	115	19.6
39	2660	120	17.8
39	2660	130	20.1
39	2660	150	20.3
39	2660	160	20.4
39	2660	170	18.2
39	3470	030	20.7
39	3470	060	15.8
39	3560	050	17.8
39	3560	055	19.0
39	3560	080	19.8
39	3560	090	19.7
39	4160	050	13.2
39	4160	051	13.3
39	4160	052	13.3
39	4160	060	16.9
39	4160	070	13.7
39	4160	080	19.9
39	4160	100	20.5
39	4160	110	17.3
39	4160	120	18.5
39	4160	130	20.1
39	4160	140	22.2
39	4160	150	18.8
39	4160	170	18.2
39	4160	180	18.2
39	4160	190	15.6
39	4290	050	18.4
39	4290	060	21.6
39	4290	080	19.2
39	4290	090	17.0
39	4290	110	18.4
39	4290	120	19.1
39	4540	010	19.1
39	4540	020	19.0
39	4540	030	15.5
39	4540	040	20.7
39	4540	050	20.1
39	4540	060	15.0
39	4540	120	
39	4550	050	16.7
39	4550	060	16.8
39	4550	080	18.8
39	4550	085	21.0
39	4550	090	19.6
39	4670	050	19.0
39	4670	060	22.5
39	4670	065	22.2
39	4670	070	17.1
39	4670	080	15.2
39	4670	085	18.0
39	4670	090	18.0
39	4670	105	19.2
39	5000	010	19.9
39	5000	050	20.1
39	5000	060	18.0
39	5000	070	21.4
39	5000	090	21.0
39	5090	050	19.9
39	5090	060	21.1
39	5090	070	19.5
39	5090	080	19.8
39	5090	090	18.3
39	5090	100	21.1
39	5090	120	19.1
39	5090	150	14.2
39	5090	160	15.3
39	5290	050	18.4
39	5290	060	20.9
39	5290	070	19.4
39	5290	080	16.3
39	5290	083	17.4
39	5290	085	21.4
39	5290	090	17.8
39	5290	100	19.6
39	5290	130	19.1
39	5290	140	20.0
39	5730	050	19.9
39	5730	060	19.5
39	5730	070	19.7
39	5730	100	22.9
39	5730	120	23.5
39	5730	140	24.5
39	5730	145	23.0
39	5730	150	22.3
39	5730	160	20.8
39	5730	170	12.1
39	5810	060	14.3
41	0030	010	18.7
41	0030	020	15.3
41	0070	010	17.8
41	0280	020	14.5
41	0280	030	14.9
41	0280	050	16.1
41	0400	030	22.5
41	1620	050	18.3
41	1670	050	14.8
41	1785	040	18.4
41	1785	050	18.5
41	1785	060	19.8
41	1840	040	20.6
41	1840	070	24.5
41	1870	050	25.2
41	1870	060	25.4
41	1870	070	17.4
41	1870	090	19.9
41	2040	030	19.7
41	2250	050	20.8
41	2470	040	15.5
41	2790	050	18.5
41	2790	060	20.7
41	2970	050	18.8
41	3675	050	16.0
41	3890	050	14.5
41	4100	050	19.5
41	4100	060	19.6
41	4100	070	21.0
41	4100	100	19.7
41	4100	105	18.7
41	4100	110	16.1
41	4100	150	17.0
41	4200	040	19.4
41	5465	050	19.9
41	5465	060	19.5
41	5480	055	18.6
41	5480	060	15.0
41	5530	040	17.5
41	5530	050	19.3
41	5780	050	19.5
80	6010	910	11.8
80	6013	900	19.3
80	6016	932	23.5
80	6017	932	24.4
80	6018	900	23.8
80	6020	985	19.9
80	6021	905	19.4
80	6022	990	15.2
80	6024	906	14.5
80	6025	907	17.9
80	6026	908	17.3
80	6027	909	20.0
80	6028	910	17.3
80	6029	911	24.3
80	6030	912	16.3
80	6033	902	17.3
80	6036	921	10.8
80	6037	922	29.8
80	6038	923	24.8
80	6041	916	19.2
80	6044	927	14.9
80	6212	903	19.3
80	6215	910	14.7
80	6217	910	13.3
80	6230	915	16.0
80	6232	920	16.5
80	6235	900	15.4
80	6240	900	25.9
80	6320	920	12.4
80	6325	915	13.3
80	6410	920	22.4
80	6420	925	16.1
80	6425	920	20.7
80	6430	930	16.5
80	6612	912	13.6
80	6635	930	19.8
80	6665	930	15.4
80	6720	930	21.1
80	6740	950	21.4
80	6810	940	15.0
80	6910	940	21.7
80	6915	950	22.9
80	7100	936	17.5
80	7109	931	21.5
80	7115	960	20.7
80	7210	940	21.3
80	7280	955	20.9
80	7290	957	20.0
80	7320	960	24.3
80	7325	965	25.0
80	7410	940	17.6
80	7420	940	18.5
80	7500	900	14.5
80	7503	970	16.7
80	7520	920	14.9
80	7540	930	22.9
80	7600	960	15.6
80	7720	915	19.3
80	7727	900	12.3
80	7730	970	25.0
80	7735	975	20.0
80	7820	970	17.8
80	7830	980	24.2
80	7850	960	25.0
80	7890	920	17.0
80	8010	980	11.4
80	8050	990	16.1
80	8060	990	18.7
80	8065	980	22.1
80	8140	990	16.3
99	9999	999	19.0
