CO_CODE	DIST_CODE	SCH_CODE	TOTDRP
01	0110	010	0.0
01	0110	888	4.8
01	0590	025	0.0
01	0590	888	1.2
01	1310	005	0.0
01	1310	888	0.6
01	1790	040	0.0
01	1790	050	0.0
01	1790	060	0.0
01	1790	888	1.9
01	1960	050	0.1
01	1960	888	1.4
01	2910	050	0.0
01	2910	888	1.7
01	4180	050	0.0
01	4180	888	6.3
03	0300	020	0.0
03	0300	888	0.1
03	0440	020	0.0
03	0440	888	0.8
03	0745	050	0.0
03	0745	888	0.6
03	0890	030	0.0
03	0890	888	3.8
03	0990	040	0.0
03	1130	040	0.0
03	1345	050	0.0
03	1345	888	0.4
03	1360	050	0.0
03	1370	040	0.0
03	1450	050	0.0
03	1450	888	0.3
03	1550	050	0.0
03	1550	888	0.6
03	1700	050	0.0
03	1700	888	0.6
03	1760	050	0.0
03	1860	050	0.0
03	1860	888	0.2
03	2080	050	0.0
03	2080	888	0.8
03	2620	050	0.0
03	2740	050	0.0
03	2740	888	1.0
03	2860	050	0.0
03	2860	888	2.5
03	2900	050	0.0
03	2900	888	1.1
03	3170	050	0.0
03	3550	050	0.0
03	3550	888	0.2
03	3600	050	0.0
03	3600	888	1.5
03	3700	050	0.0
03	3700	888	0.1
03	3710	050	0.0
03	3710	060	0.0
03	3710	888	0.0
03	3910	050	0.0
03	3910	888	0.2
03	3930	050	0.0
03	3930	888	0.7
03	3940	050	0.0
03	3960	040	0.0
03	3960	050	0.0
03	3960	888	0.2
03	4300	030	0.0
03	4300	050	0.0
03	4300	888	0.3
03	4310	050	0.0
03	4310	888	0.3
03	4370	050	0.0
03	4380	050	0.0
03	4380	888	1.0
03	4390	050	0.0
03	4390	888	0.1
03	4405	050	0.0
03	4405	888	0.2
03	4600	050	0.0
03	4600	888	0.7
03	4610	050	0.0
03	4610	888	2.0
03	5150	050	0.0
03	5150	888	0.4
03	5160	050	0.0
03	5410	030	0.0
03	5410	888	0.7
03	5430	050	0.0
03	5430	888	0.8
03	5755	050	0.0
03	5830	050	0.0
03	5830	888	0.8
05	0475	050	0.0
05	0475	888	1.4
05	0600	020	0.0
05	0600	888	3.3
05	0620	010	0.0
05	0620	888	0.7
05	0840	030	0.0
05	0840	888	0.7
05	1060	005	0.0
05	1520	050	0.0
05	1520	888	0.7
05	2610	040	0.0
05	2610	050	0.0
05	2610	060	0.0
05	2610	070	0.0
05	2610	888	0.5
05	3010	030	0.0
05	3010	888	1.5
05	3360	040	0.0
05	3360	888	0.3
05	3690	050	0.0
05	3690	888	1.2
05	3920	050	0.0
05	4050	050	0.0
05	4050	055	0.0
05	4050	888	1.4
05	4320	050	0.0
05	4320	888	0.9
05	4450	050	0.0
05	4450	888	3.8
05	5805	053	0.0
05	5805	888	6.5
07	0150	010	0.0
07	0150	888	0.4
07	0390	020	0.0
07	0390	030	0.0
07	0390	050	0.0
07	0390	888	1.2
07	0680	029	0.0
07	0680	030	0.0
07	0680	040	0.0
07	0680	240	0.0
07	0680	305	0.0
07	0680	888	12.9
07	0800	030	0.0
07	0800	040	0.0
07	0800	888	0.5
07	0940	030	0.0
07	0940	888	2.7
07	1255	060	0.0
07	1255	888	1.3
07	1770	050	0.0
07	1770	888	1.9
07	1880	050	0.0
07	1880	888	0.3
07	1890	050	0.0
07	1890	888	0.8
07	1900	050	0.0
07	2670	005	0.0
07	2670	888	1.3
07	3770	050	0.0
07	4060	050	0.0
07	4060	888	2.5
07	4110	010	0.0
07	4110	888	2.5
07	5035	050	0.0
07	5035	888	2.0
07	5820	010	0.0
07	5820	888	3.1
09	2820	050	0.0
09	2820	888	3.5
09	3130	050	0.0
09	3130	888	1.0
09	3780	050	0.0
09	3780	888	0.1
09	5790	050	0.0
09	5790	888	4.0
11	0540	020	0.0
11	0540	888	2.7
11	0997	030	0.0
11	0997	888	2.3
11	3230	060	0.0
11	3230	888	11.9
11	5390	050	0.0
11	5390	090	0.0
11	5390	888	4.9
13	0250	020	0.0
13	0250	888	3.2
13	0410	020	0.0
13	0410	888	1.1
13	0660	050	0.0
13	0660	888	0.6
13	0760	050	0.0
13	1210	030	0.0
13	1210	150	0.0
13	1210	888	12.6
13	1750	050	0.0
13	2330	050	0.0
13	2330	888	2.1
13	2730	050	0.0
13	3190	050	0.0
13	3190	888	0.1
13	3310	050	0.0
13	3310	888	0.7
13	3570	010	0.0
13	3570	020	0.0
13	3570	030	0.0
13	3570	040	0.0
13	3570	045	0.0
13	3570	050	0.0
13	3570	055	0.0
13	3570	056	0.0
13	3570	057	0.0
13	3570	070	0.0
13	3570	080	0.0
13	3570	087	0.0
13	3570	888	0.6
13	3750	050	0.0
13	3880	050	0.0
13	3880	115	0.0
13	3880	888	1.0
13	4900	030	0.0
13	4900	888	0.7
13	5370	050	0.0
13	5370	888	0.2
13	5630	050	0.0
13	5630	888	0.2
13	5680	050	0.0
13	5680	888	1.3
15	0860	030	0.0
15	0860	888	1.2
15	0870	020	0.0
15	0870	888	0.7
15	1100	040	0.0
15	1100	888	1.6
15	1715	050	0.0
15	1715	888	2.6
15	1730	050	0.0
15	1730	888	0.8
15	2440	050	0.0
15	2440	888	0.4
15	3280	050	0.0
15	3280	888	0.3
15	4020	050	0.0
15	4020	888	4.4
15	4140	050	0.0
15	4940	050	0.0
15	4940	888	1.1
15	5500	010	0.0
15	5500	020	0.0
15	5500	026	0.0
15	5500	050	0.0
15	5500	888	1.1
15	5620	050	0.0
15	5620	888	1.5
15	5860	050	0.0
15	5860	888	2.0
17	0220	020	0.0
17	0220	888	0.1
17	2060	050	0.0
17	2210	005	0.0
17	2210	888	0.7
17	2390	002	0.0
17	2390	050	0.0
17	2390	060	0.0
17	2390	070	0.0
17	2390	075	0.0
17	2390	080	0.0
17	2390	082	0.0
17	2390	888	5.2
17	2410	050	0.0
17	2410	888	1.7
17	3610	050	0.0
17	3610	888	1.2
17	4730	050	0.0
17	4730	888	0.2
17	5240	054	0.0
17	5240	055	0.0
17	5240	888	1.4
17	5580	050	0.0
17	5670	050	0.0
17	5670	888	0.3
19	1050	040	0.0
19	1050	888	0.7
19	2300	050	0.0
19	2300	888	1.1
19	3660	050	0.0
19	3660	060	0.0
19	3660	888	0.1
19	4890	050	0.0
19	4890	888	0.4
21	1245	050	0.0
21	1245	888	2.0
21	1430	050	0.0
21	1430	888	0.7
21	1950	050	0.0
21	1950	055	0.0
21	1950	060	0.0
21	1950	888	1.2
21	2280	030	0.0
21	2580	040	0.0
21	2580	888	0.7
21	4255	050	0.0
21	4255	888	0.6
21	5210	030	0.0
21	5210	050	0.0
21	5210	051	0.0
21	5210	888	4.3
21	5510	030	0.0
21	5715	020	0.0
21	5715	025	0.0
21	5715	888	0.1
23	0750	030	0.0
23	0750	888	2.1
23	1140	040	0.0
23	1140	888	0.7
23	1170	055	0.0
23	1170	888	1.4
23	1290	050	0.0
23	1290	053	0.0
23	1290	888	0.7
23	2150	050	0.0
23	2150	888	0.5
23	3120	050	0.0
23	3120	888	0.2
23	3140	050	0.0
23	3140	888	0.6
23	3290	005	0.0
23	3290	888	0.7
23	3530	050	0.0
23	3530	888	9.1
23	3620	040	0.0
23	3620	888	0.5
23	3845	040	0.0
23	3845	888	0.8
23	4090	050	0.0
23	4090	888	1.1
23	4130	050	0.0
23	4130	888	0.2
23	4660	050	0.0
23	4660	888	0.2
23	4830	030	0.0
23	4860	050	0.0
23	4860	888	0.4
23	4910	050	0.0
23	4910	888	0.3
23	4920	050	0.0
23	4920	888	1.9
23	4970	040	0.0
23	4970	888	0.3
23	5850	020	0.0
23	5850	040	0.0
23	5850	050	0.0
23	5850	888	0.7
25	0100	010	0.0
25	0100	888	1.6
25	1650	010	0.0
25	1650	050	0.0
25	1650	055	0.0
25	1650	060	0.0
25	1650	070	0.0
25	1650	080	0.0
25	1650	888	0.6
25	2105	050	0.0
25	2105	888	0.1
25	2120	050	0.0
25	2120	888	1.5
25	2230	020	0.0
25	2400	010	0.0
25	2400	888	3.3
25	2430	050	0.0
25	2770	050	0.0
25	2770	888	1.5
25	2930	050	0.0
25	2930	888	0.8
25	3040	050	0.0
25	3040	888	0.1
25	3160	050	0.0
25	3160	053	0.0
25	3160	888	0.1
25	3270	050	0.0
25	3270	888	0.5
25	3510	050	0.0
25	3510	888	2.7
25	3810	030	0.0
25	4365	050	0.0
25	4365	888	0.1
25	4580	050	0.0
25	4760	050	0.0
25	5310	050	0.0
25	5310	888	0.3
25	5420	050	0.0
25	5420	888	0.4
27	0450	020	0.0
27	0630	020	0.0
27	0630	888	1.6
27	0785	010	0.0
27	0785	888	0.1
27	1110	040	0.0
27	1110	888	1.1
27	1990	050	0.0
27	1990	070	0.0
27	1990	888	0.1
27	2380	020	0.0
27	2380	888	0.9
27	2460	050	0.0
27	2870	050	0.0
27	2870	888	0.3
27	3340	010	0.0
27	3340	888	0.7
27	3370	050	0.0
27	3370	060	0.0
27	3385	050	0.0
27	3385	888	0.3
27	3450	010	0.0
27	3450	888	1.0
27	3460	050	0.0
27	3950	050	0.0
27	3950	053	0.0
27	3950	888	0.0
27	4080	050	0.0
27	4330	050	0.0
27	4330	888	0.1
27	4560	050	0.0
27	4560	888	0.7
27	5660	030	0.0
27	5660	050	0.0
27	5660	888	0.1
29	0185	030	0.0
29	0185	888	1.7
29	0530	020	0.0
29	0530	025	0.0
29	0530	888	1.4
29	0770	030	0.0
29	0770	888	2.6
29	2360	020	0.0
29	2360	025	0.0
29	2360	888	1.1
29	2480	020	0.0
29	2480	888	2.4
29	2520	050	0.0
29	2520	888	2.7
29	2940	040	0.0
29	2940	888	0.1
29	4105	060	0.0
29	4105	888	9.2
29	4190	010	0.0
29	4190	888	0.5
29	4210	030	0.0
29	4210	888	1.5
29	4220	050	0.0
29	4950	050	0.0
29	4950	888	1.3
29	5190	030	0.0
29	5190	040	0.0
29	5190	050	0.0
29	5190	888	2.1
31	0900	030	0.0
31	0900	888	3.1
31	2100	050	0.0
31	2100	888	0.4
31	2510	050	0.0
31	2510	888	0.4
31	3970	050	0.0
31	3970	888	7.2
31	3980	010	0.0
31	3980	888	3.3
31	3990	050	0.0
31	3990	888	0.1
31	4010	001	0.0
31	4010	002	0.0
31	4010	003	0.0
31	4010	020	0.0
31	4010	025	0.0
31	4010	030	0.0
31	4010	035	0.0
31	4010	888	0.4
31	4230	050	0.0
31	5570	050	0.0
31	5570	055	0.0
31	5570	888	0.9
31	5650	040	0.0
31	5650	888	1.0
33	4070	050	0.0
33	4070	888	4.3
33	4075	050	0.0
33	4075	888	0.6
33	4150	040	0.0
33	4150	888	2.1
33	4630	050	0.0
33	4630	888	8.0
33	5910	050	0.0
33	5910	888	0.1
35	0350	050	0.0
35	0350	888	0.4
35	0490	020	0.0
35	0490	888	4.4
35	0555	005	0.0
35	0555	888	0.4
35	1610	050	0.0
35	1610	888	0.7
35	2170	030	0.0
35	2170	888	0.6
35	3000	050	0.0
35	3000	888	1.3
35	3320	030	0.0
35	3670	050	0.0
35	3670	888	0.8
35	4815	020	0.0
35	4815	888	0.4
35	4820	050	0.0
35	4820	888	0.8
35	5550	050	0.0
37	2165	030	0.0
37	2165	888	1.8
37	2240	030	0.0
37	2240	888	0.4
37	2465	050	0.0
37	2465	888	0.8
37	2615	050	0.0
37	2615	888	0.7
37	3590	050	0.0
37	3590	888	1.6
37	4960	050	0.0
37	4960	888	0.1
37	5360	020	0.0
37	5360	888	1.6
37	5435	060	0.0
37	5435	888	1.7
39	0310	005	0.0
39	0310	888	0.3
39	0850	005	0.0
39	0980	030	0.0
39	0980	888	0.1
39	1320	025	0.0
39	1320	401	0.0
39	1320	402	0.0
39	1320	403	0.0
39	1320	404	0.0
39	1320	405	0.0
39	1320	888	4.4
39	2190	050	0.0
39	2190	888	0.8
39	2420	010	0.0
39	2420	888	1.5
39	2660	050	0.0
39	2660	888	2.7
39	3560	050	0.0
39	4160	050	0.0
39	4160	051	0.0
39	4160	052	0.0
39	4160	888	2.5
39	4290	050	0.0
39	4290	888	1.8
39	4540	010	0.0
39	4540	888	2.4
39	4550	050	0.0
39	4550	888	0.3
39	4670	050	0.0
39	5000	010	0.0
39	5000	888	1.1
39	5090	050	0.0
39	5090	888	0.5
39	5290	050	0.0
39	5290	888	0.7
39	5730	050	0.0
39	5730	888	0.2
41	0280	020	0.0
41	0280	888	1.5
41	1870	050	0.0
41	1870	888	0.2
41	3675	050	0.0
41	3675	888	0.7
41	4100	050	0.0
41	4100	888	2.3
41	5465	050	0.0
41	5465	888	0.6
80	6010	888	2.2
80	6010	910	0.0
80	6018	900	0.0
80	6033	902	0.0
80	6038	923	0.0
80	6212	903	0.0
80	6425	888	1.0
80	6425	920	0.5
80	6720	930	0.0
80	7109	931	0.0
80	7320	960	0.0
80	7325	965	0.0
80	7410	888	0.7
80	7410	940	0.0
80	7503	970	0.0
80	8010	980	0.0
80	8060	888	1.2
80	8060	990	0.0
99	9999	999	1.4
			
